	Lib36_sorted1	Lib36_sorted2	Lib66_sorted1	Lib66_sorted2
sll1338_23	0	1	0	0
slr1906_10	0	1	0	0
slr1907_31	1	0	0	0
slr1900_14	1	0	0	0
slr1901_44	0	1	0	0
slr1902_118	1	0	0	0
ycf46_60	1	0	0	0
ycf45_14	1	0	1	0
speA_64	1	0	0	0
speA_12	1	0	0	0
crtO_124	0	0	1	0
sll1389_76	0	1	0	0
sll1389_12	0	0	0	1
sll1384_12	0	0	0	1
sll7078_63	0	1	0	0
sll1387_35	0	1	0	0
sll1940_41	0	0	1	0
slr0643_58	0	0	1	0
slr0643_70	0	1	0	0
sll1946_49	0	1	0	0
slr0081_52	0	0	1	1
slr0081_71	0	0	1	1
upp_130	0	1	0	0
slr2013_186	1	0	0	0
slr2012_25	0	0	0	1
slr2015_56	1	0	0	0
slr2019_9	0	1	0	0
slr2018_112	0	0	0	1
slr1603_37	0	1	0	0
slr1600_36	0	1	0	0
sll1837_115	0	1	0	0
sll1834_33	1	0	0	0
sll1835_91	0	1	0	0
sll1832_7	0	1	0	0
ssr2708_10	0	1	0	0
fecE_18	1	0	0	0
fecB_74	1	0	0	0
fecC_3	0	1	0	1
fecC_54	0	0	1	0
sll0228_22	1	0	1	0
sll0594_40	0	1	0	0
cbiL_106	0	1	0	0
cbiM_24	0	0	1	0
ziaA_13	1	0	0	0
cbiA_67	0	0	1	0
cbiA_43	0	0	1	0
gltX_22	0	0	1	0
glk_86	0	1	0	0
fecD_29	0	0	1	0
fecD_7	0	1	0	0
slr1117_56	0	1	0	0
slr1116_31	1	0	0	0
slr1115_49	0	0	1	0
slr1114_32	1	0	0	0
slr0468_45	0	0	1	0
gpsA_29	0	0	0	1
gltA_41	1	0	1	1
slr5101_65	0	1	0	0
gltB_3	0	1	1	0
gltD_121	0	1	0	0
gltD_42	0	1	0	0
rfbD2_86	0	1	0	0
slr0514_22	0	0	0	1
slr6038_104	0	1	0	1
slr6038_20	0	0	1	0
slr0516_69	0	0	1	0
slr0510_24	0	1	1	0
slr0511_495	0	1	0	0
slr1183_212	0	1	1	0
sll1673_59	0	1	0	0
sll1673_47	0	0	0	1
slr1119_13	0	0	0	1
ssr3300_46	0	1	0	0
slr0829_187	1	0	0	0
ssr7035_33	0	0	1	0
slr1591_68	0	0	1	0
slr1590_32	0	0	1	0
slr1597_19	0	1	0	0
sll1021_48	0	1	0	0
sll1020_54	0	0	1	0
slr1599_10	0	0	0	1
sll1025_16	0	0	0	1
sll1534_183	1	0	0	0
sll0396_118	0	0	1	0
sll0397_31	1	0	1	0
ssr2317_3	0	0	1	0
ssr2318_40	0	1	0	0
ssl5070_31	0	1	0	0
slr0269_37	1	0	0	0
slr0267_53	0	1	0	0
slr0264_9	1	0	0	0
slr0264_20	0	1	0	0
slr0262_74	1	0	0	0
slr0263_136	1	0	0	0
sll5109_98	1	0	0	0
sll1158_21	0	1	1	0
sll1155_19	0	0	1	0
sll1156_217	0	0	0	1
sll1150_77	0	1	0	0
sll1621_4	0	1	0	0
sll1620_76	0	0	1	0
sll1447_115	0	0	1	0
gcvP_19	1	0	0	0
slr0642_49	0	0	0	1
slr0644_70	0	0	1	0
slr0650_257	0	1	0	0
slr6100_22	0	0	1	0
kdtB_29	1	0	0	0
ssl5045_129	0	1	0	0
htrA_20	0	0	0	1
sll0040_46	0	0	0	1
pgm_98	0	0	0	1
sll0044_28	0	1	0	0
slr1629_8	0	1	0	0
slr5038_29	0	0	1	0
slr1025_113	1	0	0	0
sll0177_13	0	1	0	0
ddlA_85	0	0	0	1
me_21	0	1	0	0
sll0174_29	0	0	1	1
ssr2130_8	0	1	0	0
ssr2130_32	0	0	1	0
ssr0756_84	0	0	1	0
sll0173_22	1	0	0	0
sll0577_40	0	1	0	0
sll0577_22	0	1	0	0
rpl10_56	0	0	0	1
slr0880_22	1	0	0	0
slr0880_47	0	1	0	0
rpl19_4	0	0	0	1
smtB_31	0	1	1	1
slr0885_56	0	1	0	1
ssr2551_41	0	1	1	0
nrtD2_23	0	0	1	0
sll0711_65	0	1	0	0
sll0711_14	0	0	1	1
amiA_24	0	1	0	0
amiA_13	0	0	1	0
slr0865_41	0	1	0	0
slr0865_26	0	0	0	1
gidB_44	0	0	1	0
slr0863_13	1	0	1	0
kdpC_58	0	0	0	1
kdpC_69	1	0	0	0
kdpB_58	0	0	1	0
slr0869_16	0	1	0	0
sll1714_31	0	1	0	0
sll8017_13	0	1	0	0
ho2_8	0	0	1	0
ho2_23	1	0	0	0
cyp2_60	0	0	0	1
gcvH_15	1	0	0	0
slr1932_24	0	0	1	0
slr1932_10	0	0	1	0
slr1424_24	0	0	0	1
ureF_70	0	1	0	0
hemL_3	0	0	1	0
slr1420_29	1	0	0	0
ssl2138_42	0	0	1	0
ssl7039_25	1	0	0	0
ssl7038_20	0	0	1	0
ssl7038_7	1	0	0	0
pgsA_45	0	0	1	0
slr0678_11	0	0	1	0
zntC_70	1	0	0	0
slr0670_107	1	1	0	0
ssr1176_10	0	1	0	0
slr0078_48	0	0	1	0
slr0076_44	0	0	0	1
sms_34	1	0	0	0
sfsA_15	0	1	0	0
slr2000_108	0	0	1	0
slr2004_35	0	1	0	0
slr2005_46	0	0	0	1
prfC_10	1	0	0	0
slr2008_143	0	0	0	1
ssr1258_100	0	0	1	0
slr1610_17	0	0	0	1
nth_25	0	1	0	0
slr1618_144	0	1	0	0
slr1618_92	0	0	0	1
sll1849_88	0	0	1	1
sll1848_39	0	0	1	0
sll1845_12	0	0	1	0
slr5105_288	0	1	0	0
pgk_49	0	0	1	0
pgi_68	0	1	0	0
slr0955_55	0	1	0	1
slr0454_51	0	1	0	0
slr0456_20	1	0	0	0
slr0453_10	0	0	1	1
slr0453_61	0	0	1	0
slr1107_49	0	0	1	0
slr1107_27	1	1	0	0
slr1100_24	1	1	0	0
slr1101_14	0	0	0	1
accB_46	0	0	1	0
slr0697_20	1	0	0	0
slr0695_16	1	0	0	0
slr0695_34	0	0	1	0
slr5037_64	1	0	0	0
sll1749_66	1	0	0	0
slr0699_136	0	0	1	0
nifJ_9	0	1	0	0
nifJ_23	0	0	1	0
cobN2_75	1	0	0	0
slr1039_64	0	0	0	1
slr0523_13	0	0	1	0
slr0522_64	0	1	0	0
slr0529_156	0	0	1	0
slr1032_7	0	1	0	0
slr1034_22	0	0	0	1
def_7	0	0	0	1
slr1037_37	0	0	0	1
slr1187_28	1	0	0	0
guaB2_29	1	0	1	0
slr1970_8	1	0	0	0
slr1970_22	0	0	1	0
minC_39	0	1	0	1
minD_58	0	1	1	0
minE_61	0	1	0	0
hpcE_23	0	1	0	0
sll0149_9	0	0	1	0
sll0148_40	0	0	1	0
sll0499_208	1	0	0	0
sll0499_82	0	0	1	0
sll0498_123	0	0	0	1
ssr3304_70	0	1	0	0
sll0142_58	0	1	0	0
sll0142_44	1	0	0	0
cynS_176	1	0	0	0
sll7002_252	0	0	1	1
sll7002_294	0	1	0	0
slr1856_34	0	0	1	0
sll0488_33	0	0	0	1
slr1855_91	0	1	1	0
slr1852_63	0	0	0	1
ssr2549_34	0	0	1	1
slr1859_166	1	1	0	0
menD_31	0	0	0	1
menA_34	0	0	1	0
sll8009_34	0	0	0	1
sll8004_68	1	0	1	1
sll8006_13	0	0	1	0
sll8002_4	0	0	0	1
slr0981_86	0	0	0	1
slr0980_110	1	0	0	0
hsp17_21	0	1	1	0
phr2_68	0	0	0	1
slr0989_52	0	0	1	0
sll1033_14	0	0	0	1
slr1584_30	0	0	0	1
sll0039_28	0	1	0	0
sll1526_66	0	1	0	0
sll1527_23	0	0	1	1
sll0815_26	0	0	1	0
sll0811_172	1	0	0	0
slr0210_7	0	0	1	0
sll0727_70	0	1	0	0
sll0722_28	0	1	0	0
sll0722_53	1	0	0	0
sll1455_48	0	0	1	0
sll1455_34	0	0	1	0
petM_52	1	0	1	0
sll1459_16	0	1	0	0
slr1928_56	1	0	0	0
slr1928_80	0	0	1	0
slr1927_102	0	1	0	0
slr1924_51	1	0	0	0
slr1920_54	0	0	1	0
dctP_61	0	0	0	1
slr0325_91	0	0	0	1
slr0324_62	0	1	0	0
slr0322_12	1	0	1	1
slr0320_132	0	0	0	1
sll0926_33	0	1	0	0
sll1036_136	1	0	0	0
sll1037_46	0	1	0	0
ssl0353_133	0	0	1	0
sll5004_17	0	0	0	1
ssl0294_28	0	1	0	0
sll1039_78	0	1	0	0
ssl1520_28	0	0	1	0
cbiP_61	0	0	0	1
pknA3_42	0	1	1	0
pknA3_27	0	0	0	1
slr0668_98	0	1	1	0
slr0664_70	1	0	0	0
iutA_52	0	1	0	0
slr0067_47	0	0	1	0
slr0060_41	0	1	0	0
sll5044_5	0	0	1	1
sll5032_50	1	0	0	0
ssl1633_39	0	1	0	0
slr0033_14	0	0	0	1
slr0033_31	0	0	1	0
ssl1326_52	0	1	0	0
sll0544_81	0	0	0	1
sll0546_15	1	0	0	0
sll0543_22	0	1	0	0
ssl3829_20	0	1	0	0
sll7089_35	1	0	0	0
sll0480_37	0	1	0	1
adk2_55	0	1	0	0
sll0486_201	1	0	0	0
sll0552_59	0	0	1	0
sll0550_10	1	0	1	0
sll7090_41	0	1	0	0
sll7090_53	0	1	0	0
ssl3364_37	1	0	0	0
slr7081_115	1	0	0	0
slr7081_23	0	1	0	0
slr0291_167	0	1	0	0
slr1820_86	0	0	1	0
rnb_65	1	0	0	0
rnb_26	0	1	0	0
slr1829_64	1	0	0	0
slr0929_43	0	0	0	1
slr1421_115	0	0	0	1
slr1421_62	0	1	0	0
slr2126_145	0	1	0	0
slr2125_16	1	0	0	0
cbiC_41	0	0	1	0
gltS_111	1	0	0	0
slr1699_39	0	0	1	0
slr5102_43	0	0	1	0
slr5102_116	0	0	1	1
lepB2_44	0	0	1	1
slr2030_52	0	0	1	0
putA_70	0	0	1	0
slr1627_53	0	1	0	0
slr1627_7	0	0	1	0
sll1858_10	0	1	0	0
frr_136	0	0	1	0
merR3_16	0	1	1	0
merR3_96	0	0	1	0
slr0196_34	1	0	0	0
slr0196_4	1	0	0	0
slr0197_76	0	0	1	0
exbB2_37	0	1	0	0
slr2100_10	1	0	0	0
slr2100_55	1	0	0	0
apcE_50	1	0	0	0
slr2104_46	0	0	1	0
slr0440_105	0	0	0	1
slr0440_62	0	0	0	1
slr5127_126	0	0	0	1
slr0449_12	0	0	1	0
slr1135_304	0	0	1	1
gnd_119	0	0	0	1
slr0688_53	0	0	1	0
lepB_10	0	1	0	0
fus4_94	0	1	0	0
rfbB3_62	0	0	0	1
prk_40	0	1	0	0
sll1318_3	1	0	0	0
slr1827_61	0	1	0	0
slr1570_40	1	0	0	0
slr1570_17	0	1	0	0
slr6051_82	0	1	0	0
glnA_4	0	0	1	1
trpF_4	0	0	1	0
slr5016_53	1	0	0	0
slr5012_156	0	1	1	0
nifS2_48	0	0	1	1
ilvE_44	1	0	0	0
ilvE_15	0	0	0	1
mmsB_122	1	1	0	0
thl_18	1	0	0	0
slr1315_23	0	1	0	0
trpC_11	0	0	0	1
topA_27	0	1	0	0
slr0846_90	0	1	0	0
slr0845_4	1	0	0	0
slr0842_6	0	0	0	1
slr0841_34	0	0	1	1
stpA_11	1	0	0	0
sll1739_24	0	0	1	0
sll1739_94	0	0	1	0
sll1738_41	0	1	0	0
ssr2972_90	0	0	0	1
sll1734_13	0	1	0	0
slr0990_49	0	1	0	0
slr0990_37	0	0	1	0
sll0157_69	0	1	0	0
slr7098_34	0	1	1	0
ssl2162_46	0	1	0	1
slr7094_34	0	0	1	0
slr7096_87	1	0	0	0
capA_31	0	0	0	1
sll1696_70	1	0	0	0
sll1289_28	0	1	0	0
ctaC2_95	0	0	1	0
sll0804_7	1	0	0	0
sll0800_72	0	1	0	0
sll0802_127	1	0	0	0
slr0208_29	1	0	0	0
sll0736_9	0	1	0	0
sll0737_16	0	0	1	0
sll0737_4	0	0	1	0
sll0735_42	1	0	0	0
sll0735_19	1	0	0	0
sll1601_9	0	1	0	0
sll1606_27	1	0	0	0
sll1464_9	0	0	1	0
sll1464_25	0	1	0	0
sll1466_52	0	1	0	0
sll1469_90	0	1	0	0
sll1192_28	0	1	0	0
ssr2201_27	0	0	1	0
slr1951_125	0	0	1	0
slr1951_111	1	0	0	0
slr1950_31	1	0	0	0
slr1484_34	1	0	1	0
ribG_67	0	1	0	0
ribG_11	0	0	1	0
sll0930_112	0	1	0	0
sll0930_79	0	1	0	0
sll0931_78	0	1	0	0
sll0933_9	1	0	0	0
sll1041_44	1	0	0	0
sll1516_11	0	1	0	0
sll1510_137	0	1	0	0
ndbA_18	0	0	0	1
ppc_15	0	0	0	1
ssl1533_8	0	0	1	0
ssl1533_29	0	0	0	1
ppx_17	1	0	0	0
sll1995_44	0	0	1	0
sll1997_63	0	1	0	0
slr0058_99	0	0	1	1
sgl0001_39	0	0	0	1
bchB_109	0	1	0	0
sll1692_140	1	0	0	0
slr8044_13	1	0	1	0
rpoC2_19	0	0	1	0
slr2027_67	0	1	0	0
sll1864_59	1	0	0	0
slr1638_84	0	1	0	0
isiB_34	1	0	0	0
gdhB_32	1	0	0	0
sll1691_10	0	0	0	1
slr1636_109	0	0	1	0
slr1634_79	0	1	0	0
slr0784_92	0	0	0	1
aspA_163	0	1	0	0
slr2070_11	0	1	0	0
slr2070_23	0	0	0	1
sll1725_16	0	1	0	0
sll1725_5	0	0	1	0
sll0098_18	0	0	0	1
sll0098_4	0	0	0	1
slr1305_44	0	0	0	1
slr1301_58	1	0	0	0
ski2_8	1	0	0	0
ski2_24	1	0	0	0
ssl2971_81	0	0	1	1
slr0355_84	1	0	0	0
slr0355_21	0	0	0	1
glmU_120	0	0	1	0
rps32_73	0	1	0	0
p_56	0	1	0	0
ssl3379_35	0	0	0	1
ssl3379_19	0	1	0	0
sll7067_140	0	1	0	0
sll7063_233	0	0	1	0
ssl1263_76	0	1	0	0
slr1837_4	0	1	0	0
sll0237_84	0	1	0	0
sll0230_90	0	0	1	0
sll0808_326	0	0	0	1
proC_55	0	0	1	1
lmbP_132	0	0	1	1
slr0209_54	1	0	0	0
sll1722_89	1	0	0	0
cysM_28	0	0	1	0
sll1293_54	0	0	1	0
cysH_30	0	1	0	0
cysK_49	0	0	1	0
cysA_104	0	0	1	0
sll0839_37	1	0	0	0
slr0945_46	1	0	0	0
slr0236_25	0	0	1	0
rpoF_23	0	0	1	0
ssr6032_17	1	1	0	0
sll0832_122	0	0	1	0
cysQ_55	0	0	1	0
sll0837_89	0	0	0	1
slr0948_37	1	0	0	0
sll1193_28	1	0	0	0
sll1618_37	0	1	0	0
slr1230_54	0	0	0	1
slr0942_63	0	0	1	0
slr1494_6	0	0	1	0
cysT_25	1	0	0	0
ndhD2_37	0	1	0	0
ndhD2_15	0	1	1	0
ssr0336_103	0	0	0	1
amiA2_105	0	0	1	0
ssl7051_68	0	0	1	0
ssl7051_125	1	0	0	0
slr6106_223	0	0	0	1
psbL_17	0	0	0	1
truA_61	0	0	1	0
ssr1558_97	0	0	1	0
slr2111_31	0	1	0	0
slr2118_42	0	0	0	1
slr2119_36	0	0	1	0
dgkA_15	1	0	0	0
cysE_87	1	0	0	0
aslB_28	1	0	0	0
ssl7074_62	0	1	0	0
slr6041_148	0	0	1	0
slr6045_101	0	0	1	0
slr6047_101	0	1	0	0
slr6049_137	0	1	0	0
slr1019_10	0	1	0	0
slr0544_32	0	1	0	0
sll0647_16	0	1	1	0
sll0647_4	1	0	0	0
ssr1853_125	1	0	0	0
uvrD_3	1	1	0	0
uvrC_62	0	1	0	0
uvrB_39	0	1	0	0
uvrA_3	0	0	1	0
uvrA_20	0	0	1	0
gst1_28	0	0	0	1
gst1_47	1	0	0	0
slr0888_5	0	1	0	0
tktA_58	0	0	1	0
slr0551_19	0	0	1	0
slr0552_15	0	0	0	1
ssr0109_12	0	0	0	1
ssr0109_46	0	0	0	1
slr0554_8	0	0	1	0
slr0554_24	0	1	0	0
slr0556_41	1	0	0	0
slr6097_330	0	0	0	1
slr6094_41	0	0	0	1
slr6091_183	0	1	1	0
clpB2_58	1	0	0	0
lytB_41	1	1	0	0
slr0169_14	1	0	0	0
slr0168_16	0	0	1	0
slr0168_32	1	0	0	0
ssr7072_111	0	1	1	0
slr1957_97	0	0	1	0
slr1957_43	0	0	1	0
slr1956_19	0	0	0	1
pheS_31	0	1	0	1
sll1512_25	1	1	0	0
htpG_50	0	0	1	0
slr1495_40	0	0	0	1
ssl8024_25	0	0	1	0
thrA_69	0	0	1	0
sll1188_172	0	0	1	0
sll1188_76	0	0	1	0
slr1946_82	1	1	0	0
livH_64	0	0	1	0
slr0305_121	0	1	0	0
umpS_13	0	0	1	0
TU2529_4	0	0	0	1
slr0306_77	0	1	0	0
slr0309_12	0	1	0	0
sll1503_13	1	1	1	0
sll1507_62	1	0	0	0
sll1504_82	0	1	0	0
sll1505_20	0	0	1	0
xerC_38	0	0	1	0
sll5026_225	0	1	1	0
sll1982_123	1	0	0	0
ssr2439_32	1	0	0	0
sll1988_8	1	0	0	1
im30_2_72	0	0	1	0
slr1546_78	1	0	0	0
slr1547_49	0	0	1	0
slr1541_4	1	0	0	0
slr1542_35	0	0	1	0
cad_8	0	0	1	0
purU_13	0	0	1	1
sps_82	0	1	0	0
sps_38	0	0	1	0
slr8036_31	0	0	1	0
purF_45	0	0	0	1
purK_61	0	0	1	0
purM_53	0	1	0	0
purM_118	0	1	0	0
ssl7042_34	0	0	0	1
ssl7045_112	0	0	1	0
ssl7046_96	0	0	1	0
ssr0692_41	0	0	1	1
sll0494_132	0	0	1	0
sll0494_111	0	1	0	0
divK_62	0	1	0	1
slr1790_3	1	0	0	0
spoU_28	0	0	0	1
spoU_6	0	0	1	0
sll0007_10	0	0	1	0
fabG3_76	0	0	1	0
fabG2_112	0	0	0	1
fabG2_83	1	0	0	0
slr1376_8	0	1	0	0
hisC2_69	0	1	0	0
cobW_11	1	0	0	0
cytM_4	0	0	0	1
cobA_10	1	0	0	1
cobN_21	1	0	0	0
slr1205_14	0	0	1	0
sll7075_52	0	0	0	1
sll1663_62	0	0	1	0
ssr3571_39	0	1	0	1
slr1807_32	0	0	1	0
sll0224_57	1	0	0	0
sll0224_13	0	0	0	1
slr1800_34	0	0	1	1
slr0820_48	0	0	1	0
slr0822_8	0	1	0	0
slr1298_129	1	0	0	0
slr1298_37	0	1	0	0
ssr2998_35	0	0	1	1
ssl2781_40	0	1	0	0
argH_159	0	0	0	1
argJ_99	0	1	1	0
argJ_15	0	1	0	0
argB_34	0	0	1	0
sll0048_7	1	0	0	0
sll1268_11	1	1	0	0
sll1267_80	0	1	0	0
sll0041_4	0	0	0	1
sll1263_16	0	0	1	0
sll1262_80	0	0	1	0
ssr2194_31	1	1	0	0
glnH/glnP_23	1	0	0	0
slr0959_147	0	1	1	0
slr1557_18	0	1	0	0
degT_20	0	1	0	0
sll1664_44	0	0	0	1
slr0053_67	0	1	0	0
slr1413_62	1	0	0	1
sll7106_140	0	1	0	0
sll7103_176	0	1	0	0
slr1972_37	0	0	1	0
sll1407_138	1	0	0	0
slr1978_45	0	1	0	0
sll0912_127	0	0	1	0
sll0913_58	0	0	0	1
serA_10	0	1	1	0
slr0316_111	0	0	1	1
slr0315_61	1	0	0	0
alaS_4	0	0	1	0
pma1_29	0	0	0	1
spoIID_71	0	1	0	0
nrtD3_25	1	0	0	0
ssr5074_149	0	1	0	0
sll0301_81	0	0	0	1
kdpD_5	0	1	0	0
slr0904_43	0	1	0	0
ssl5125_74	0	1	0	0
ssl5125_95	0	0	1	0
sll1531_9	0	0	1	0
sll1530_47	0	0	1	0
sll1537_3	0	1	0	0
slr1140_110	1	0	0	0
slr1142_17	0	1	0	1
slr1143_72	0	1	0	0
slr1148_8	0	0	0	1
slr1149_21	0	1	0	0
slr1787_48	0	1	0	0
slr1787_27	1	0	0	0
slr1788_122	1	0	0	0
slr0495_6	0	0	1	0
slr0496_9	0	0	1	0
slr0496_31	0	1	0	0
slr0553_7	0	1	0	0
leuC_57	0	0	0	1
hisS2_8	0	0	1	0
hisS2_39	0	0	0	1
ssb_17	0	0	1	0
slr5040_305	0	0	0	1
slr0765_159	0	0	0	1
hisF_80	0	1	0	0
hisF_96	0	1	0	0
hisG_18	0	1	0	0
hisA_68	1	0	0	1
psaI_10	0	1	0	0
psaI_66	1	0	0	0
ycf22_2_30	0	0	0	1
psaF_54	0	0	1	0
psaB_38	0	0	1	0
rfbA2_15	0	0	1	1
ssr0761_16	1	0	0	0
sll0754_34	0	1	0	0
sll0754_7	0	1	1	0
hlyB2_238	0	0	1	0
sll5036_42	1	0	0	0
slr6031_335	0	0	1	0
gdhA_25	1	1	1	1
sll1863_10	1	0	0	0
sll1863_55	0	0	1	0
sll1862_138	0	1	0	1
slr0607_80	0	1	0	0
slr0600_10	0	0	0	1
sll5030_7	0	1	0	0
sll1060_3	0	0	0	1
sll1062_64	0	0	1	0
ssl1552_8	0	0	1	0
psaK_34	0	0	1	0
sll1319_158	0	0	1	1
sll1086_11	0	1	0	0
sll1081_34	0	1	0	0
sll1080_33	1	0	0	0
slr0039_4	0	1	0	0
sll1089_55	0	0	1	0
slr1572_16	0	1	0	0
slr1572_53	0	0	0	1
slr1577_29	0	0	0	1
gyrB_4	0	0	0	1
slr8021_52	0	0	1	1
slr8022_7	1	0	1	0
slr0788_31	1	0	0	0
sll1886_12	1	0	0	0
sll1882_6	1	0	1	0
sll1880_112	0	1	0	0
slr0149_9	1	0	0	0
slr0149_25	0	0	1	0
slr0148_34	1	1	0	0
slr0148_4	0	1	0	0
slr0147_56	0	0	0	1
slr0146_34	1	0	0	0
slr0142_106	0	0	1	0
ssl5008_73	1	0	0	0
map2_5	1	0	0	0
ssr5020_66	0	1	0	0
sll1151_59	0	1	0	0
sll8032_8	1	0	0	0
sll1631_9	1	0	0	0
sll1631_20	0	1	1	0
slr1363_97	0	0	1	0
sll1308_49	0	1	0	0
sll1308_10	0	0	0	1
manA_11	0	0	1	1
ssl2559_136	0	0	1	0
ssl2559_42	0	0	1	0
glcP_18	1	0	0	0
slr1214_17	0	0	1	0
slr1215_29	1	0	0	0
slr1213_7	0	1	0	0
glcD_13	0	1	0	0
glcE_33	0	1	0	0
sll7047_27	0	0	1	1
sll0219_9	1	0	0	0
sll0218_39	0	1	0	0
slr1813_181	0	0	0	1
slr1813_70	0	1	0	0
slr1816_468	1	0	0	0
sll8048_16	0	1	0	0
lytR_56	0	0	0	1
ssr3341_98	0	1	0	0
lspA_16	0	0	1	1
slr1968_34	1	0	0	0
sll0857_107	0	1	0	1
sll0857_70	0	0	0	1
sll0855_49	1	0	0	0
sll0854_40	0	1	0	0
sll1271_26	1	0	0	1
slr0964_37	1	0	0	0
slr0967_53	0	1	0	0
rps17_146	0	0	1	0
sll1672_133	0	1	0	0
sll1675_21	0	1	0	0
sll1678_73	0	0	0	1
nusB_3	1	1	0	0
lpxB_31	0	1	0	0
slr1963_10	0	0	1	0
sll1411_79	0	0	0	1
cpcG2_9	0	1	0	0
sll1414_60	0	0	0	1
ssl8003_4	1	0	0	0
slr5093_64	1	0	0	0
sll2002_111	0	1	0	0
slr2052_31	1	0	0	0
sll0665_41	0	1	0	0
ssl3549_13	0	0	1	0
slr0363_34	0	0	1	0
slr0360_62	0	0	0	1
slr0366_19	0	0	1	0
sll0071_24	0	0	1	0
sll0071_56	0	0	1	0
sll1072_49	0	0	0	1
sll1071_19	0	0	1	0
pyrC2_24	0	1	0	0
sll1305_8	0	1	0	0
sll1306_55	1	0	0	0
sll1300_25	1	0	1	0
sll0871_19	0	1	0	0
sll1273_99	0	0	1	0
pcnB2_20	0	0	1	0
pilT_9	0	0	0	1
pilT_27	0	0	0	1
pilC_36	0	0	1	0
sll1891_43	1	0	0	0
sll1891_31	0	1	0	0
sll1892_7	0	0	1	0
fecB3_106	1	0	0	0
fecB2_82	0	0	1	1
fumC_25	0	1	0	0
hoxF_139	0	0	0	1
hoxF_31	0	1	0	0
slr1931_34	0	0	0	1
slr0482_58	0	1	0	0
slr0482_12	0	0	1	1
slr1174_50	0	1	0	0
slr1177_4	0	1	0	0
sll5080_63	0	1	0	0
slr1171_40	0	1	0	0
slr1778_190	0	1	0	0
slr1773_65	0	0	1	0
slr1772_28	0	0	0	1
slr1772_47	0	0	0	1
slr1770_94	0	1	0	0
slr8014_54	0	1	0	1
slr8016_145	1	0	0	0
slr1776_48	1	0	0	0
sll7043_3	0	0	0	1
slr0572_148	0	0	1	0
slr0573_64	0	1	0	0
slr0573_206	0	0	0	1
slr0575_50	1	0	0	0
slr0575_6	0	0	1	0
slr2092_69	0	1	0	0
slr2096_294	0	1	1	1
slr0771_93	0	1	0	0
slr0773_37	0	0	1	1
cydA_217	0	0	1	0
cydA_78	1	1	0	0
hisD2_26	0	0	1	1
gumB_15	1	0	0	0
spsA_62	0	0	1	1
sll7050_32	0	0	0	1
slr1198_37	0	0	1	0
slr0815_46	0	1	0	0
slr0816_24	0	0	0	1
sll0210_31	0	1	0	0
ssr2754_16	0	0	1	1
sll8040_37	0	1	0	1
pykF2_3	0	0	0	1
ssl1046_82	0	0	1	0
speA2_136	0	1	0	0
speA2_74	1	0	0	0
slr1220_127	0	0	1	0
sll6055_62	1	0	0	0
slr1229_82	0	1	1	0
slr0801_11	0	1	0	0
slr0806_53	0	0	0	1
slr7102_67	1	0	0	0
slr7102_30	0	0	1	0
nrtA_13	0	0	0	1
ndhE_77	0	0	1	0
ndhE_103	0	1	0	0
slr6058_221	0	0	1	0
sll1095_52	0	1	0	0
sll1092_208	0	1	0	0
slr0780_23	0	1	0	0
slr6040_335	1	0	0	0
Yfr1_33	1	0	0	0
slr1565_13	0	1	0	0
slr1563_37	0	1	0	0
hdrB_10	0	1	0	0
hdrB_30	0	1	0	0
ssl0787_18	0	0	1	0
ssl0787_4	0	1	0	0
sll1330_35	0	0	0	1
sll1333_89	0	0	0	1
sll1333_108	0	1	0	0
sll1334_177	1	0	0	0
sll1334_149	0	0	1	0
pth_100	0	1	0	0
dnaJ3_46	0	0	0	1
pta_114	0	0	1	0
norA_11	0	0	1	1
slr0019_74	0	0	1	0
slr0016_233	1	0	0	0
slr1512_88	1	0	0	0
slr1512_49	0	0	1	0
slr1515_9	1	0	0	0
ssl1378_9	0	0	0	1
ssl1378_39	1	0	0	0
sll1426_82	0	1	0	0
sll1428_79	0	0	1	1
atpI_11	0	0	0	1
pfkA_31	1	1	0	0
ureB_31	0	1	0	0
hemH_77	1	0	0	0
ureD_145	0	0	1	0
hemD_40	0	0	0	1
ssr1513_10	1	0	1	0
dcoH_7	0	1	0	0
ntcB_82	0	1	0	1
slr1168_44	1	1	0	0
slr1169_91	1	1	0	0
sll1371_94	1	0	0	0
ssr6089_154	1	0	0	0
ssl1045_41	0	0	1	0
ssl1045_91	0	1	1	0
ssl5099_217	0	0	1	0
nrtB_46	0	1	0	0
nrtD_140	0	0	1	0
sppA2_10	0	0	1	0
sll0284_8	0	1	0	0
sll1671_7	0	0	0	1
sll0688_66	0	1	0	0
thrC2_22	0	0	0	1
sll0687_58	0	0	1	0
sll0687_83	1	0	0	0
sll0444_99	0	1	0	0
sll0446_8	1	0	1	0
sll0844_58	0	0	0	1
sll0846_10	0	0	1	0
sll0847_60	0	0	1	1
sll0669_27	1	1	0	0
sll1247_64	0	0	1	0
sll1247_46	0	0	1	0
slr0978_70	1	0	0	0
slr0977_94	0	0	1	0
slr0975_102	1	1	1	0
ssl5015_99	1	0	0	0
sll0209_40	1	0	0	0
slr1998_36	0	0	1	0
ssl8010_5	0	0	0	1
slr1992_17	0	1	0	0
slr1992_3	0	1	0	0
slr1990_19	0	0	0	1
slr1990_53	0	0	1	0
slr0378_154	0	1	0	0
glpX_10	0	0	0	1
slr0376_20	0	0	1	0
slr0377_34	0	0	0	1
sll0062_109	1	1	0	0
sll0066_26	0	0	1	1
cmpB_90	0	1	0	0
slr2084_174	0	0	1	0
fmu/fmv_73	0	1	0	0
fmu/fmv_50	0	1	0	0
katG_56	0	0	1	0
katG_12	1	0	0	0
slr7024_13	0	0	1	0
slr1162_18	0	1	0	0
slr1163_118	0	0	0	1
slr1166_5	0	1	0	0
sll1934_49	0	0	1	0
slr1768_25	1	0	0	0
slr1768_55	0	0	1	0
slr1762_54	1	0	0	0
trxA3_10	1	0	0	0
trmD_73	0	1	0	0
ggt_40	0	0	1	0
prfA_46	1	0	0	0
prfA_14	0	0	1	0
slr1611_45	0	0	0	1
sodB_15	0	1	0	0
slr1759_37	0	1	0	0
recN_10	0	1	0	0
slr0588_109	0	0	1	0
recA_4	1	0	0	0
slr0742_61	0	1	0	0
slr1692_70	1	0	0	0
slr1693_89	0	0	1	0
morR_60	0	0	0	1
slr1342_10	1	0	0	0
slr1343_4	0	0	1	0
slr1340_84	0	0	1	0
pntB_19	0	1	1	1
slr1184_17	0	1	0	1
slr1184_67	0	0	1	0
slr1182_88	1	0	0	0
ssr7040_8	0	0	1	0
sll0782_91	0	0	1	0
sll0782_159	1	0	0	0
sll7027_33	0	0	0	1
ssl1972_19	0	0	1	0
sll0602_19	0	1	0	0
slr1962_37	0	0	0	1
ssl2595_92	0	1	1	0
ssl8008_7	1	0	0	0
sll1556_10	0	0	1	0
sll5050_12	0	0	1	0
rfbC_55	0	1	0	0
rfbA_14	1	1	0	0
rfbF_19	0	0	0	1
mntA_31	1	0	0	0
mntA_7	0	0	0	1
mntC_175	0	1	0	0
sll0479_36	0	0	1	1
sll0478_30	0	0	0	1
sll0473_40	0	0	1	0
mgtE_67	0	1	1	0
sll0650_249	0	1	0	0
sll0650_134	0	1	0	1
secE_25	1	0	0	0
sll0654_49	1	0	0	0
sll0654_4	1	0	0	0
secF_11	0	0	1	0
sll1783_202	1	0	0	0
sll1784_73	0	0	1	1
slr0909_115	0	0	0	1
slr0909_83	0	1	0	0
maf_61	0	1	0	0
maf_31	0	1	0	0
ilvA_35	0	1	0	0
sll1659_43	0	0	1	1
sll0787_144	0	1	0	0
sll0785_144	0	1	0	0
ssl5001_7	0	0	0	1
sll1654_98	0	0	1	0
rapQ_49	0	1	0	1
slr7010_9	1	1	0	0
slr0347_25	0	1	0	1
slr0341_19	0	0	1	1
slr0348_37	0	1	0	0
pcnB_64	0	1	1	1
sll1254_84	0	1	0	0
sll1252_31	0	1	0	0
sll1250_70	0	0	1	0
sll1251_3	0	0	0	1
sll1251_36	0	0	0	1
sll0094_19	0	1	0	0
sll1329_10	1	0	0	0
dnaX and dnaZ_20	1	0	0	0
dnaX and dnaZ_37	0	1	0	0
pknA_16	0	0	1	0
pknA_48	0	0	1	0
slr0001_25	0	1	1	0
slr0001_42	0	0	0	1
slr0006_46	0	1	0	0
slr1508_31	0	0	1	0
sll0409_74	0	1	0	0
slr1503_13	0	0	1	0
slr1505_28	0	1	0	0
sll1433_43	1	0	0	0
sll7069_35	1	0	0	0
slr1501_34	0	1	0	0
slr1501_22	1	0	0	0
sll1439_301	0	0	1	0
slr0285_102	1	0	0	0
sll0588_42	0	1	0	1
slr7032_163	1	0	0	0
msrA2_46	0	1	0	0
slr1436_28	1	0	0	0
ycf20_10	0	1	0	0
ycf22_31	0	0	1	0
todF_10	0	1	0	0
slr5116_43	0	0	1	0
vapC2_106	0	1	0	0
asd_55	0	0	0	1
guaB_70	1	0	0	0
sll1924_248	1	0	0	0
sll1924_6	0	0	1	1
sll1925_69	0	0	1	1
sll1926_36	0	1	0	0
sll1920_76	0	1	1	0
sll1920_46	1	0	0	0
slr1753_24	1	0	0	0
slr1753_65	0	1	0	0
slr1752_33	0	0	1	0
recG_42	0	0	0	1
recG_110	0	0	1	0
ssl0438_78	1	0	0	0
slr0590_65	1	1	0	0
slr0590_43	0	0	1	1
moaC_8	0	0	1	0
moaC_31	0	0	0	1
sll0238_85	1	0	0	1
slr0455_85	0	1	0	0
slr0455_103	0	0	1	0
slr0599_7	0	1	0	0
guaA_7	0	1	0	0
nCl0710 (CoiR1)_38	1	0	1	0
slr0596_6	0	0	1	1
slr0458_29	0	1	0	0
slr0592_48	0	0	1	0
slr0593_106	0	0	0	1
slr0755_21	1	0	0	0
slr0751_60	0	1	0	0
slr2025_35	0	0	1	0
ubiA_22	1	0	0	0
ubiA_7	0	0	0	1
lepA_11	1	1	0	0
sll5035_23	0	0	0	1
slr0249_27	0	0	1	1
sll5060_46	0	1	0	0
slr1916_32	0	0	1	0
slr1913_7	0	1	0	0
slr1440_85	0	0	1	0
slr1440_23	0	1	0	0
nrtC2_71	0	0	0	1
sll0274_70	0	1	0	0
ssl2069_103	1	0	0	0
queA_58	0	1	0	1
slr7015_15	0	1	0	0
sll0319_17	0	1	0	0
sll0319_29	1	0	0	0
slr7012_99	1	0	0	1
slr7012_39	0	0	0	1
sll0649_121	0	0	0	1
sll0862_96	0	0	0	1
sll0861_54	0	1	0	0
sll0867_51	0	1	0	0
sll0641_4	1	0	0	0
slr0798_4	0	0	0	1
slr0798_15	0	0	0	1
slr0793_60	0	1	0	0
slr0913_97	0	0	1	0
slr0913_12	0	0	1	0
sll0790_152	1	0	0	0
sll0790_151	1	1	0	1
clpX_3	0	1	0	0
clpX_46	0	0	0	1
ctaD_10	0	0	0	1
ctaB_37	0	1	1	1
gshB_24	0	0	1	0
gshB_42	1	0	1	0
sll0266_28	1	0	1	0
sll0267_4	0	1	0	0
sll0269_37	0	1	0	0
ssr2087_58	1	0	0	1
ssr2087_85	0	1	0	0
clpB_107	0	1	0	0
sll1681_103	0	1	0	0
sll1680_14	0	0	1	0
sll1687_155	0	1	0	0
plsX_80	0	1	0	0
sll1135_13	0	1	0	0
slr0353_108	0	1	0	0
slr0351_4	0	1	0	0
slr0356_153	1	0	0	0
slr0358_39	0	0	0	1
sll1220_4	0	0	1	0
sll0088_31	0	0	1	0
sll1225_4	0	1	0	0
ssl5108_14	0	1	0	0
ssl5103_136	0	1	0	0
ssl5103_104	0	0	1	0
sll1353_200	0	1	0	0
sll1350_16	1	0	0	0
proS_84	0	0	0	1
sll1355_92	0	1	0	0
slr1535_70	0	0	0	1
ndhD4_57	1	0	0	0
ndhD4_68	1	0	0	0
sll0886_88	0	0	1	0
sll0886_39	0	1	0	0
ssr5120_143	1	0	0	0
sll1229_68	1	0	0	0
sll1358_101	0	1	0	0
miaA_37	0	0	1	0
bhy_49	0	0	1	0
sll7031_4	0	1	0	0
sll7034_82	0	0	0	1
slr1243_112	0	1	0	0
slr1246_317	1	1	0	0
slr1245_90	0	1	0	0
slr1245_61	0	0	1	0
gabD_21	0	1	0	0
sll0462_56	1	1	1	0
psbB_9	0	0	1	1
psbH_66	1	0	0	0
ssl3451_41	1	0	1	0
psbX_49	1	0	0	0
psbX_4	0	1	1	0
nblA2_25	0	0	1	0
slr0095_40	0	0	1	0
slr0095_103	0	0	1	0
gerCb_24	0	1	0	0
ssr2723_59	1	0	0	0
ssr2723_44	0	0	1	0
ssl2667_10	1	0	0	0
ssr2898_74	0	1	0	1
sll0638_32	0	0	0	1
sll0888_15	0	0	1	0
dacB2_48	0	1	0	0
sll0413_49	0	0	1	0
cysG_57	1	0	0	0
ssl0832_70	0	0	0	1
slr0109_59	1	0	0	0
cysS_22	0	0	0	1
slr1403_7	0	0	1	0
slr1407_144	0	1	0	0
slr1406_50	0	0	1	0
slr1409_87	1	0	0	0
ycf35_25	0	1	0	0
ycf35_38	0	0	1	0
ycf32_29	0	0	0	1
sll1200_86	0	0	1	0
slr7058_161	0	0	1	0
slr7058_11	0	0	1	0
tgt_84	0	0	1	0
chlN_19	1	0	0	0
ppk_5	0	1	0	0
chlG_67	0	0	1	1
chlG_19	0	1	0	0
slr1747_16	0	0	1	0
sll1913_4	1	0	0	0
sll1912_11	0	0	1	0
sll1912_23	0	0	1	0
slr0619_136	0	0	1	0
sll1916_46	1	0	0	0
slr0612_73	0	1	0	0
ssr0536_11	1	0	0	0
sll2013_51	1	0	0	0
sll2015_49	0	0	0	1
sll0914_3	1	0	0	0
slr5087_97	0	1	1	0
slr0729_4	0	0	1	0
slr0722_65	0	0	0	1
slr0725_5	1	0	0	0
glgA_19	0	1	0	0
ssr0759_10	0	0	0	1
ssr0759_34	0	0	1	0
ycf4_41	0	0	0	1
glgP_31	1	0	1	0
TU1565 nsiR5_13	0	1	0	0
glgX_21	1	0	0	0
ssr6062_81	0	1	0	0
sll0414_19	0	0	0	1
sll0414_63	0	0	0	1
pheT_51	0	0	0	1
ssl1918_80	0	1	0	0
slr1258_7	1	0	0	0
slr1259_24	0	1	0	0
ssr3129_39	0	1	0	0
slr1253_21	0	1	0	0
slr0294_94	0	1	0	0
slr0299_9	0	1	0	0
slr0299_29	0	0	1	1
sll0325_40	0	1	0	0
ssr3410_7	0	0	1	0
gspF_64	1	0	0	0
rbcS_12	0	1	0	0
ssl2009_188	1	1	0	1
sll0529_100	0	1	0	0
sll0524_45	0	1	0	0
sll0252_16	1	0	0	0
sll0742_41	0	0	0	1
sll1698_154	0	0	0	1
sll1693_57	0	0	1	0
sll0749_37	0	1	0	0
ssr5009_41	0	0	1	0
ssr2078_29	1	0	0	0
lipA_4	0	0	0	1
slr5053_28	0	0	1	0
lipB_42	0	0	1	0
lipB_4	0	0	0	1
ndkR_68	1	0	0	0
sll1236_27	1	0	0	0
sll1236_15	1	0	1	0
ssl5114_23	0	0	1	0
ssl5113_156	0	0	0	1
ssl5113_124	0	0	0	1
rub_26	1	0	0	0
sll1344_82	0	0	1	0
slr1958_16	1	1	0	0
ribC_17	0	0	1	0
slr1529_4	1	1	0	0
rbpA_20	0	0	1	0
thrB_28	0	1	0	0
slr1949_69	0	0	0	1
slr0112_64	0	0	1	0
slr0112_131	0	1	0	0
slr0116_4	0	1	0	0
slr1940_78	0	0	0	1
sll0909_364	1	1	0	0
rnhA_11	1	0	0	0
slr1411_27	0	1	0	0
sll5028_25	0	0	0	1
ssl0259_79	0	0	1	1
slr1732_16	0	0	0	1
slr1739_7	1	0	0	0
slr1738_60	0	1	0	0
fda_15	0	0	1	1
slr0609_14	1	0	0	0
sll1906_22	0	1	0	1
slr0606_8	1	0	0	0
sll1902_10	0	0	0	1
sll1902_69	0	1	0	0
slr0602_19	0	1	0	0
slr0602_7	0	0	1	0
rps4_35	0	0	1	0
IAP75_8	0	0	0	1
ssl0410_65	0	1	0	0
sll5057_70	0	1	0	0
sll2006_20	0	0	1	0
sll2007_74	0	1	0	0
slr1087_4	0	0	1	0
sll2003_14	0	1	0	1
slr1648_16	0	1	0	0
slr1644_79	0	1	0	0
slr0731_43	0	1	0	0
slr0731_27	0	1	0	0
slr0732_6	1	0	0	0
sll6036_248	0	1	0	0
pyrG_61	0	0	1	1
ssl2920_28	0	0	0	1
psiR1_19	0	1	0	0
eda_43	0	1	0	0
ssr2016_62	1	0	1	1
slr7011_294	0	1	0	0
sll0645_49	0	1	0	0
sll0484_19	0	0	1	0
slr7016_59	0	1	0	0
sll0312_9	0	0	0	1
ssr6046_30	0	1	0	0
ssl1920_41	1	0	0	0
ssl1923_17	0	1	1	0
cmpR_10	0	0	1	0
slr1266_118	0	1	0	0
slr1260_20	0	0	1	0
slr1263_18	0	1	0	0
codA_7	0	0	1	0
priA_44	0	1	0	1
ftsH4_22	0	0	0	1
slr1066_72	0	1	0	0
slr1066_147	0	0	1	0
slr1065_21	1	0	0	0
slr1065_6	0	0	1	0
slr1062_50	0	0	1	0
ftsH2_26	0	0	0	1
ftsH2_12	0	0	1	0
rhnB_42	1	1	0	0
slr5073_54	0	0	0	1
sll0240_72	0	0	1	1
sll0240_37	0	1	0	0
sll0400_43	0	1	0	0
sll0400_109	1	0	1	0
sll0403_207	1	0	0	0
sll0406_80	0	0	0	1
sll0406_119	1	0	0	1
slr0930_9	0	1	0	0
slr0286_76	1	0	1	0
slr7037_49	1	1	0	0
slr0938_19	0	0	1	0
slr0938_55	0	1	0	0
sll0625_35	0	0	1	0
sll0625_21	0	1	0	0
ssr3409_94	0	0	1	0
ssr3402_15	0	1	0	0
sdhB2_139	1	0	0	0
murG_105	0	0	0	1
slr0479_19	0	1	0	0
slr0479_108	0	0	1	1
icsA_58	0	0	0	1
slr1681_37	0	1	0	0
sll0241_50	0	1	0	1
sll0245_47	1	0	0	0
sll0756_40	0	0	0	1
sll0756_21	1	0	0	0
sll0752_52	0	1	1	0
sll0759_47	0	1	0	0
slr1885_29	0	0	1	0
rpoB_28	0	0	1	0
ssr6030_151	0	0	0	1
slr1880_94	1	0	0	0
slr1888_3	1	0	0	0
ssl5129_42	0	1	0	0
sll1758_39	0	1	0	0
sll1757_79	0	0	1	0
sll1201_96	0	0	1	0
sll1752_26	0	0	1	0
sll1575_11	1	1	0	0
sll1575_95	0	1	0	0
sll1574_20	0	0	1	0
sll1573_21	1	0	0	0
sll1571_8	0	0	1	0
sll1570_45	1	1	0	0
ssr5106_67	1	0	1	0
ssl0738_63	0	0	1	0
slr0121_24	0	1	0	0
slr1461_13	1	0	0	0
sll1377_31	1	0	1	0
sll1373_5	0	1	0	0
sll0175_133	0	0	1	1
ssl3291_4	0	1	0	0
slr1398_213	0	1	0	0
slr1393_94	0	1	1	1
slr1397_13	0	0	1	0
glpD_38	0	1	1	0
slr0427_28	1	0	0	0
slr0421_26	0	1	0	0
blaOXA-3_66	0	0	0	1
slr1384_127	0	1	0	0
slr1383_54	1	1	0	0
ruvA_20	0	0	1	0
ssl6035_43	0	0	1	0
mutS_43	0	0	1	0
mutS_22	0	1	0	0
slr7088_108	0	0	1	0
slr7088_79	0	1	0	0
slr7080_53	1	0	1	0
sll0031_53	0	0	1	0
sll0033_10	0	1	0	0
sll1686_223	0	1	0	1
sll0038_22	0	1	0	0
rpiB_4	1	0	0	0
slr1278_29	0	1	0	0
slr1278_53	0	0	1	0
nadE_13	0	0	1	0
slr1076_3	1	0	0	0
sll5132_156	0	1	0	1
sll5132_86	0	1	0	0
slr1077_48	0	0	1	0
lpxD_47	0	0	1	1
sll5048_89	1	1	0	0
slr0416_34	0	1	0	0
phoA_10	1	0	0	1
ycf10_41	0	0	1	0
thiE_43	1	0	0	0
slr1468_47	1	0	0	0
slr1721_16	0	0	1	0
ndhH_4	0	0	1	1
ndhL_62	0	0	1	0
rps6_65	0	0	1	1
rps9_47	0	1	0	0
purB_49	0	1	0	0
sll1870_136	0	0	0	1
slr1724_22	0	0	0	1
purH_41	1	0	1	0
purH_74	0	0	1	0
slr0630_126	0	0	0	1
sll1971_25	0	1	0	0
slr0634_47	1	0	0	0
slr0637_27	0	0	1	0
slr0636_110	0	0	0	1
gcp_179	0	0	1	0
ssl0461_43	0	1	0	0
slr2048_3	0	0	0	1
slr2044_25	0	0	0	1
slr2044_12	0	0	0	1
slr2045_6	1	0	0	0
ahcY_47	1	1	0	0
slr1097_7	0	0	0	1
slr2042_29	0	1	0	0
slr0702_137	0	1	0	0
rps1_2_31	0	0	1	0
cpcB_53	1	0	1	1
slr1588_109	1	0	0	0
slr7057_32	0	0	0	1
atpE_18	0	0	1	0
sll0721_66	0	0	0	1
slr1073_31	0	0	0	1
slr1073_7	0	0	1	0
sll1634_67	1	0	0	0
sll1228_10	1	0	0	0
sll0729_10	1	0	0	0
sll0729_42	0	0	1	1
rpl28_22	1	0	0	0
ssl1690_41	0	0	1	0
rpl22_22	0	0	0	1
mrcB_7	0	0	0	1
met3_60	1	1	0	0
sll0181_132	0	0	1	0
sll0183_12	1	0	0	0
sll0189_40	0	0	1	0
sll0189_19	0	1	0	0
hhoB_8	1	0	0	0
hhoB_50	0	1	0	0
rpl9_136	0	0	1	0
rpl4_88	1	0	0	0
rpl5_34	0	0	0	1
rpl3_121	0	1	0	0
sll0509_38	0	1	0	0
sll0501_4	0	1	0	0
sll0761_16	1	0	0	0
sll0761_4	0	0	0	1
sll0762_73	0	1	0	0
sll0762_93	1	0	0	0
sll0985_43	0	0	1	0
sll0986_263	0	1	0	0
sll0981_97	0	0	0	1
sll0981_158	0	0	1	0
sll0980_15	0	0	1	0
sll0982_64	1	0	0	0
slr0388_50	0	0	1	1
slr0388_36	0	0	1	0
slr1896_27	0	0	0	1
slr1894_24	1	0	0	1
slr1895_26	1	0	0	0
slr1895_51	0	1	1	0
slr0386_67	0	1	0	0
slr0386_45	0	0	1	1
sll1582_230	0	1	0	0
sll1584_34	0	0	1	0
sll0611_18	0	0	1	1
sll6059_263	1	1	0	0
sll1217_35	1	1	0	0
sll1217_54	1	0	0	0
sll1562_56	1	0	0	0
sll1563_117	0	0	0	1
sll5041_40	0	1	1	0
sll5041_7	0	1	0	0
slr0254_31	1	0	1	0
slr0251_97	0	0	1	0
slr0250_37	0	0	0	1
dnaB_12	0	0	1	0
dnaB_23	0	0	0	1
hflX_25	0	0	1	0
dnaJ_33	0	1	1	0
dnaJ_19	0	0	1	0
sll1108_4	0	1	1	0
gidA2_62	0	1	0	0
rnc2_25	1	0	0	0
sdhB_26	1	1	0	0
ssr1038_7	1	0	0	1
slr1471_130	0	1	0	0
slr1472_17	0	1	0	0
trpA_91	1	0	0	0
trpA_60	0	0	1	0
trpG_40	1	0	0	0
trpD_19	0	1	0	1
ssl1255_28	0	0	0	1
sll1366_73	0	0	0	1
devB_23	0	0	1	1
slr2046_25	1	0	0	0
slr1094_89	1	0	0	0
slr1094_109	1	0	0	0
slr1658_16	0	1	0	0
slr1659_43	0	0	1	0
spoT_21	1	0	0	0
spoT_7	0	0	0	1
pstC_41	1	0	1	0
pstC_70	0	1	0	0
pstB_24	0	0	1	0
pstB_51	0	0	1	0
pstA_13	1	0	0	0
slr0719_41	0	0	1	0
slr1664_85	1	0	1	0
sll5006_229	0	1	0	0
slr5017_17	0	0	1	1
drgA_175	0	0	1	0
drgA_7	0	1	0	0
slr0408_23	1	1	0	0
slr0407_62	1	0	0	0
ssl3383_103	0	1	1	0
ssl3382_13	1	0	0	0
aroC_49	0	1	0	0
aroH_115	0	1	0	0
ssl2250_67	0	0	1	0
sll0887_22	0	1	0	0
slr0328_146	0	0	1	1
slr1041_10	0	0	1	0
slr1041_29	0	1	0	0
slr1042_29	0	0	1	0
slr1045_146	0	0	1	0
ssl0350_84	0	0	1	1
slr1046_36	0	0	0	1
slr0106_51	0	1	0	0
sll0428_60	0	0	0	1
sll0422_20	0	0	1	0
ssr2848_102	0	1	1	1
ssl2384_46	0	0	1	0
sll0195_7	0	0	0	1
sll0198_10	1	0	0	0
sarA_73	0	0	1	0
sarA_4	0	0	1	0
sll0514_37	0	0	0	1
ssr2595_52	1	0	0	0
slr0517_23	0	1	0	0
slr0397_10	0	0	1	0
slr0392_236	0	0	0	1
slr0392_238	0	1	1	0
slr0393_246	0	1	0	0
sll0992_53	1	0	0	0
sll0993_88	1	0	0	0
sll0997_4	0	0	1	0
sll0994_3	0	0	1	0
slr1869_77	0	0	1	0
sll0565_21	0	0	1	0
sll0445_130	0	1	0	0
slr5077_28	0	1	0	0
trpS_40	0	0	1	0
sll1369_60	1	0	0	0
sll0990_22	1	0	0	0
leuA2_70	0	0	0	1
sll0775_49	0	0	1	0
sll0775_18	0	0	0	1
icfA_37	0	0	1	0
slr0624_31	0	0	0	1
slr0625_136	0	1	0	0
slr0625_108	0	0	0	1
slr1718_24	0	1	0	0
sll0781_18	0	1	0	1
sll8018_32	0	0	0	1
sll8018_74	0	1	0	0
sll6093_43	0	1	0	0
sll1965_35	0	1	0	0
sll1967_22	0	1	0	0
sll1954_14	0	0	1	0
sll1950_56	1	1	0	0
sll1950_14	1	0	0	0
slr0654_25	1	0	0	0
natA_49	0	0	1	0
slr0658_4	0	0	0	1
slr1704_21	0	0	0	1
ssr1114_25	0	0	0	1
slr0092_4	0	1	0	0
slr0099_61	0	0	0	1
slr2060_7	0	0	1	0
otsA_26	0	1	0	0
slr1670_137	0	0	1	0
slr1670_174	0	1	0	0
slr1679_4	0	1	1	0
slr1679_15	0	1	0	0
gspE_10	0	0	1	0
gspE_29	0	1	0	0
slr1428_54	0	0	1	0
sll5075_74	0	0	1	1
desA_27	0	1	0	0
psb13_19	0	1	0	0
llaI.2_200	0	1	0	0
llaI.2_63	0	0	1	0
ICFG_62	0	1	0	0
sll5003_44	0	0	1	0
ycf39_22	0	0	1	0
ycf39_55	0	0	1	0
mraY_22	0	0	1	0
slr1866_214	1	0	0	0
slr1865_32	1	0	0	0
slr1863_130	1	0	0	0
slr1862_12	0	1	0	0
sll0281_30	0	1	0	0
sll0281_7	0	0	0	1
petF2_5	0	0	1	0
sll0601_22	0	0	1	0
sll0354_160	1	1	0	0
sll0355_65	0	0	1	1
sll1770_8	1	0	0	0
sll1773_11	0	0	1	0
sll0609_34	0	0	0	1
sll0609_20	0	1	0	0
sll1774_96	0	1	0	0
sll1774_399	0	1	0	0
sll1555_26	0	0	0	1
rfbW_138	0	0	0	1
rfbW_37	0	1	0	0
rfbU_194	0	0	1	0
sll1559_33	0	0	1	0
sll1005_23	0	0	1	0
sll1005_7	0	0	1	1
sll1004_40	0	0	0	1
sll1003_63	0	1	0	0
sll1001_9	1	0	0	0
sll1001_23	0	0	1	0
fabF_52	0	0	1	0
rfbG_137	0	0	0	1
rfbD_117	1	1	0	0
slr0244_75	1	1	0	0
slr0240_13	0	0	1	1
slr0243_100	0	1	0	0
slr0243_29	0	0	1	0
sll1173_79	1	0	0	1
sll1170_4	0	0	0	1
sll1174_20	1	0	0	0
sll5128_245	0	0	1	0
sll1178_49	1	0	0	0
sll1178_100	0	0	1	0
ppsA_25	0	0	0	1
ackA_22	0	0	1	0
arsA_20	0	1	0	0
slr1444_40	0	0	1	0
slr1441_18	0	0	0	1
slr1912_45	0	1	1	0
phr_29	0	1	0	0
gspE2_10	0	1	0	0
slr1918_38	0	1	0	0
sll1396_77	1	0	0	0
sll1392_34	0	0	0	1
sll1390_11	1	0	0	0
ccmK4_4	0	0	1	0
sll0156_80	0	0	1	0
amt2_73	0	0	1	0
murE_64	0	1	0	0
murF_7	0	1	0	0
murZ_22	0	0	1	1
hliA_29	1	0	1	0
tyrS2_152	0	1	0	0
slr0476_58	1	0	0	0
slr0476_46	1	0	0	0
slr0474_4	0	0	1	0
ccmK2_76	1	0	1	0
sll0182_50	0	0	1	0
sll0182_38	0	1	0	0
sll0019_20	0	0	0	1
slr0667_282	1	0	0	0
braG or livF_44	0	0	0	1
slr1293_28	0	1	0	0
slr0505_68	0	0	1	0
slr5024_91	0	1	0	0
slr1056_179	0	1	0	0
slr1053_79	0	1	0	1
aspC3_16	0	1	0	0
ssr3189_70	0	0	0	1
ssr3184_3	0	0	0	1
sppA_14	0	0	1	0
slr0199_108	0	1	0	0
sll0169_39	0	0	1	1
ssr3452_10	0	0	1	0
sll0163_59	1	0	0	0
sll0161_213	0	1	0	0
sll0160_16	0	1	0	0
sll0160_50	1	1	0	0
mcpA_40	1	0	0	0
fhuA3_72	1	0	0	0
fhuA3_96	1	1	0	0
ssr2611_52	1	0	1	0
slr0890_57	0	1	0	0
slr0890_36	0	0	1	1
slr1876_16	0	1	0	0
slr0878_7	0	1	0	0
sll1764_14	0	0	1	0
sll1765_10	0	1	0	0
sll1762_26	0	1	0	1
sll1763_25	0	0	1	1
thdF_84	0	0	1	1
sll1768_18	0	1	0	1
sll1769_53	1	0	0	0
ftrV_50	0	0	1	0
sll0369_79	0	1	0	1
sll0364_6	0	0	1	0
sll0364_23	1	0	0	0
sll0360_27	0	1	0	0
sll0360_87	0	1	0	0
sll5069_404	0	0	1	1
sll1544_34	1	0	0	0
sll5062_33	0	1	0	0
sll1543_67	0	0	1	0
sll5067_13	0	1	0	0
sll0384_22	1	0	0	0
sll0381_27	0	0	0	1
slr0748_10	0	0	1	1
sll1495_49	0	0	0	1
sll1495_7	0	0	0	1
sll1161_12	0	1	0	0
sll1166_133	0	0	1	0
sll1169_44	0	0	1	0
sll1169_103	0	1	0	0
agp_91	0	1	0	0
Entry2103_0	1	0	0	0
Entry2100_64	0	0	1	0
Entry2107_1	0	0	1	1
Entry2105_40	0	1	0	0
Entry2108_32	0	0	1	0
Entry2109_28	0	1	0	0
Entry1678_39	1	0	1	0
Entry978_11	0	1	0	0
Entry1395_78	0	0	1	0
Entry975_96	0	1	1	0
Entry975_90	0	0	0	1
Entry976_33	0	1	0	0
Entry1391_1	0	0	0	1
Entry2036_29	0	0	1	0
Entry2037_117	1	0	0	0
Entry2034_64	0	1	0	0
Entry2034_83	0	0	1	0
Entry2032_64	0	1	0	0
Entry2032_86	0	1	0	0
Entry2033_61	0	0	1	1
Entry2030_4	0	0	1	0
Entry2031_32	0	1	1	0
Entry1106_74	0	0	1	0
Entry1106_6	1	0	0	0
Entry1105_42	0	1	0	0
Entry1104_55	0	0	1	0
Entry1108_2	0	0	0	1
Entry1517_64	0	0	1	0
Entry1517_101	0	1	0	0
Entry662_55	0	1	0	0
Entry1510_24	0	0	1	0
Entry747_45	0	0	1	0
Entry1032_26	1	0	0	1
Entry184_31	0	0	1	0
Entry181_22	0	0	0	1
Entry180_0	0	0	0	1
Entry180_86	0	1	0	0
Entry182_83	0	0	1	0
Entry1213_103	0	0	1	0
Entry1743_3	0	1	0	0
Entry1742_54	1	0	0	0
Entry1589_67	0	1	0	0
Entry1583_53	0	1	0	0
Entry1586_48	0	0	0	1
Entry1586_34	0	1	0	1
Entry1585_42	0	1	0	0
Entry361_56	1	1	0	0
Entry361_99	0	0	1	0
Entry362_23	0	0	1	0
Entry365_22	1	0	0	0
Entry366_8	0	1	0	0
Entry419_26	0	1	0	0
Entry412_56	0	0	1	0
Entry410_75	0	1	0	0
Entry417_67	1	0	0	0
Entry416_35	0	0	0	1
Entry1369_61	0	0	1	0
Entry1366_56	1	0	0	0
Entry1699_60	0	0	1	0
Entry1693_90	0	0	1	1
Entry1691_40	0	1	0	0
Entry1690_75	0	1	0	0
Entry1967_2	0	0	1	0
Entry1967_50	0	0	0	1
Entry1961_32	0	0	1	0
Entry1963_87	1	0	1	0
Entry982_65	0	1	1	0
Entry1734_73	0	1	0	0
Entry196_21	0	0	0	1
Entry1609_38	0	0	0	1
Entry1760_61	1	0	0	0
Entry1760_77	1	0	0	0
Entry969_29	1	0	0	0
Entry961_36	1	0	0	1
Entry961_31	1	0	0	0
Entry1605_47	0	0	1	1
Entry2003_136	0	0	0	1
Entry2007_63	0	1	0	0
Entry2006_6	0	0	0	1
Entry772_32	0	1	0	0
Entry776_62	0	1	0	0
Entry775_9	0	1	0	0
Entry779_15	1	0	0	0
Entry171_45	0	0	0	1
Entry176_29	0	0	1	0
Entry1028_3	0	0	1	0
Entry1028_38	0	0	0	1
Entry798_2	0	0	0	1
Entry1759_23	0	0	0	1
Entry791_16	0	0	1	0
Entry793_3	0	1	0	0
Entry794_3	1	0	0	0
Entry796_68	1	1	0	1
Entry1597_44	0	0	0	1
Entry1597_30	0	1	0	0
Entry1592_52	0	0	1	0
Entry711_21	0	1	0	0
Entry713_111	1	0	0	0
Entry311_94	0	0	1	0
Entry311_79	0	1	0	0
Entry1113_8	0	1	0	0
Entry319_69	0	0	0	1
Entry429_54	0	0	1	0
Entry422_55	0	1	0	0
Entry423_48	0	0	1	0
Entry420_54	0	1	0	0
Entry46_23	0	0	1	0
Entry43_23	0	1	0	0
Entry42_29	0	1	0	0
Entry41_46	0	1	0	0
Entry1379_38	0	1	0	0
Entry49_41	0	1	0	0
Entry49_22	1	0	0	0
Entry1687_54	0	0	1	0
Entry1689_11	1	0	0	0
Entry1689_39	0	0	0	1
Entry559_27	0	0	0	1
Entry227_51	1	0	0	0
Entry1975_48	0	1	1	1
Entry1973_94	0	1	0	0
Entry1970_47	1	1	0	0
Entry1978_0	0	0	0	1
Entry1979_63	0	1	0	0
Entry1466_29	0	0	1	1
Entry1466_85	0	0	1	0
Entry55_2	1	0	0	0
Entry884_43	0	1	0	0
Entry882_2	0	1	0	0
Entry59_4	0	1	0	0
Entry59_37	0	1	1	0
Entry2122_67	0	0	1	0
Entry2122_21	0	1	0	0
Entry958_37	0	1	0	0
Entry957_75	1	0	0	0
Entry2013_30	0	0	1	0
Entry232_35	1	0	0	0
Entry237_1	0	0	1	1
Entry236_21	0	0	1	0
Entry764_28	0	1	0	0
Entry763_98	0	0	1	0
Entry768_29	0	1	0	0
Entry163_74	0	0	1	0
Entry167_20	0	0	1	0
Entry166_53	1	0	0	0
Entry169_34	1	0	0	0
Entry168_18	0	1	0	0
Entry789_41	0	0	0	1
Entry1766_35	0	0	1	1
Entry1766_20	0	0	1	0
Entry1769_29	1	0	0	0
Entry785_50	1	0	0	0
Entry1561_48	0	0	0	1
Entry1560_90	0	0	0	1
Entry1560_23	0	0	1	0
Entry1563_0	0	0	1	0
Entry1563_42	0	0	1	0
Entry1562_4	0	1	0	0
Entry305_59	0	1	0	0
Entry304_37	0	1	0	0
Entry1165_141	0	0	1	0
Entry1165_38	1	0	0	0
Entry1164_33	1	0	0	0
Entry1167_87	0	1	0	0
Entry1166_11	0	0	0	1
Entry430_41	0	0	0	1
Entry433_34	0	0	0	1
Entry432_37	0	0	0	1
Entry432_38	0	1	0	0
Entry436_11	0	1	0	0
Entry439_39	1	1	0	0
Entry1307_0	0	0	1	0
Entry1300_27	0	1	0	0
Entry1300_44	0	1	0	0
Entry1308_61	0	0	1	0
Entry1947_29	0	0	0	1
Entry1946_86	1	1	1	0
Entry239_27	0	0	0	1
Entry549_0	0	0	0	1
Entry548_45	1	0	0	0
Entry546_20	1	0	0	0
Entry546_5	0	0	0	1
Entry540_92	1	0	0	0
Entry1949_49	0	1	1	0
Entry1948_35	0	1	0	0
Entry1942_77	0	1	0	0
Entry1941_6	0	1	0	0
Entry1415_1	1	0	0	0
Entry1414_2	0	0	0	1
Entry1417_1	0	0	1	0
Entry1780_32	0	1	0	0
Entry1783_1	1	0	0	0
Entry1783_42	0	0	0	1
Entry1787_28	0	0	0	1
Entry892_62	0	1	0	0
Entry890_68	0	1	0	0
Entry941_61	0	0	0	1
Entry945_93	0	0	0	1
Entry947_0	0	1	0	0
Entry564_110	1	1	0	0
Entry564_151	0	0	0	1
Entry23_22	0	1	0	0
Entry22_41	0	0	0	1
Entry22_30	0	0	1	0
Entry1744_159	0	0	1	0
Entry1620_26	0	1	0	0
Entry1620_3	0	0	1	0
Entry154_29	0	0	1	0
Entry150_21	1	0	0	0
Entry158_23	0	1	0	0
Entry1774_1	1	0	0	0
Entry1770_51	1	1	0	0
Entry1196_28	0	0	0	1
Entry1772_79	0	0	1	0
Entry1625_21	0	1	0	0
Entry1778_58	0	0	1	0
Entry1779_33	0	0	1	0
Entry1572_45	0	1	0	0
Entry1571_64	1	0	0	0
Entry1579_1	0	1	0	0
Entry338_77	1	0	0	0
Entry338_38	0	1	1	0
Entry339_11	0	0	0	1
Entry1176_110	0	1	0	0
Entry1172_128	0	0	1	0
Entry444_37	0	1	0	0
Entry444_14	0	0	1	0
Entry445_0	1	0	0	0
Entry447_70	0	1	0	0
Entry448_23	0	0	1	0
Entry61_23	0	0	1	0
Entry64_31	0	1	0	0
Entry209_90	1	0	0	0
Entry207_76	0	0	1	0
Entry202_66	0	0	0	1
Entry203_56	0	1	0	0
Entry1409_151	0	1	0	0
Entry1959_82	1	0	0	0
Entry1959_68	0	1	0	0
Entry1403_74	0	0	0	1
Entry1400_27	0	1	0	0
Entry1405_41	0	1	0	0
Entry91_45	1	0	1	0
Entry1790_43	1	0	0	0
Entry94_60	0	1	0	0
Entry95_51	0	1	0	0
Entry2053_31	0	0	1	0
Entry99_0	1	0	0	0
Entry99_81	0	0	1	1
Entry1486_30	1	0	1	0
Entry935_6	0	0	0	1
Entry930_78	0	0	1	0
Entry930_23	0	0	1	1
Entry933_1	0	1	0	1
Entry933_22	0	0	1	0
Entry1487_37	0	1	0	0
Entry849_2	0	1	0	0
Entry840_31	1	0	0	0
Entry842_35	0	1	0	0
Entry148_57	0	0	1	0
Entry141_35	1	0	0	0
Entry143_24	0	0	1	0
Entry142_42	0	0	1	1
Entry145_1	0	0	0	1
Entry329_35	0	1	1	0
Entry326_32	1	0	0	0
Entry323_91	1	0	0	0
Entry322_74	0	1	0	0
Entry1143_15	0	0	0	1
Entry1142_1	0	1	0	0
Entry1140_45	0	0	1	0
Entry1146_45	0	0	1	0
Entry456_27	0	1	0	0
Entry454_32	0	1	0	0
Entry454_43	1	0	0	0
Entry452_0	1	0	1	0
Entry452_6	0	0	0	1
Entry450_69	1	1	0	0
Entry1891_37	0	0	1	0
Entry1326_11	0	1	0	0
Entry78_136	0	0	1	0
Entry79_49	0	1	0	0
Entry74_78	1	0	1	0
Entry75_6	1	0	0	0
Entry70_43	1	0	0	0
Entry71_31	0	0	0	1
Entry210_1	0	0	1	0
Entry210_21	0	0	1	0
Entry217_132	1	1	0	0
Entry1432_48	0	1	0	0
Entry1432_22	1	0	0	0
Entry1653_54	0	1	0	0
Entry1651_29	1	0	0	0
Entry1657_30	0	0	1	0
Entry1655_0	0	1	0	0
Entry925_32	1	0	0	0
Entry924_29	0	0	0	1
Entry924_15	0	0	0	1
Entry920_0	0	0	1	0
Entry851_16	0	1	1	0
Entry857_2	1	1	0	0
Entry854_1	0	1	0	0
Entry1636_67	0	1	0	0
Entry10_4	1	0	0	1
Entry132_62	0	1	0	1
Entry133_6	1	0	0	0
Entry1551_57	0	0	1	1
Entry1554_33	0	1	0	0
Entry1555_54	0	0	0	1
Entry1557_12	0	1	0	0
Entry1086_41	1	1	0	0
Entry1084_73	1	0	0	0
Entry1084_62	0	0	1	0
Entry1082_23	0	0	0	1
Entry1089_147	1	0	0	0
Entry1089_54	0	0	1	0
Entry683_52	0	0	1	0
Entry681_36	1	0	0	0
Entry684_44	1	0	0	0
Entry1154_34	1	0	0	0
Entry1155_60	0	0	1	0
Entry1152_6	0	0	0	1
Entry1338_56	0	1	0	0
Entry1338_35	0	0	1	0
Entry1888_1	0	1	0	0
Entry1336_48	1	0	0	0
Entry1336_19	1	1	0	0
Entry665_25	0	1	0	0
Entry1727_100	0	1	0	0
Entry1727_39	0	0	1	0
Entry1725_1	0	1	0	0
Entry261_27	0	1	0	0
Entry1721_53	0	1	0	1
Entry1420_49	0	1	0	0
Entry1420_81	0	0	0	1
Entry1421_67	0	1	0	0
Entry1423_22	1	0	0	1
Entry1424_6	0	1	0	0
Entry1424_47	0	1	1	0
Entry1425_6	1	0	1	0
Entry1427_52	1	0	0	0
Entry1427_36	0	1	1	0
Entry1429_45	0	1	0	0
Entry463_32	0	1	0	0
Entry467_93	0	0	1	0
Entry596_30	0	1	0	0
Entry267_4	1	1	0	0
Entry592_3	0	1	0	0
Entry593_45	0	0	1	0
Entry262_67	0	1	0	0
Entry591_1	0	0	0	1
Entry615_72	1	0	0	0
Entry913_44	0	0	1	1
Entry915_39	0	1	0	0
Entry345_14	1	0	0	0
Entry866_24	1	0	0	0
Entry866_39	0	1	0	0
Entry863_57	1	0	0	0
Entry860_79	0	1	1	1
Entry861_39	0	0	0	1
Entry600_31	1	0	0	0
Entry600_7	0	0	1	0
Entry1945_64	0	0	1	0
Entry1396_92	0	0	1	1
Entry1396_94	0	0	1	0
Entry1830_67	0	1	0	0
Entry129_35	0	0	1	0
Entry127_1	0	1	0	0
Entry126_39	0	0	0	1
Entry125_0	0	0	0	1
Entry124_0	1	0	0	0
Entry123_14	0	0	1	0
Entry121_1	0	0	0	1
Entry120_89	0	0	1	0
Entry120_75	0	0	1	0
Entry1529_99	0	1	0	0
Entry1521_0	0	0	1	1
Entry695_7	0	1	0	0
Entry690_27	1	1	0	0
Entry673_3	0	1	0	0
Entry677_36	0	0	0	1
Entry18_62	0	0	1	0
Entry1633_43	1	0	0	0
Entry1632_0	0	1	1	0
Entry1632_1	0	1	0	0
Entry1634_72	0	0	1	0
Entry1634_71	0	1	0	0
Entry1189_58	1	0	0	1
Entry1189_99	0	0	1	0
Entry1187_23	0	0	1	0
Entry1184_89	0	0	0	1
Entry1180_29	1	0	0	0
Entry588_42	0	0	1	0
Entry588_6	0	0	1	0
Entry580_33	0	1	0	0
Entry580_22	0	0	1	1
Entry587_39	0	0	1	0
Entry276_84	0	0	1	0
Entry275_8	1	1	0	0
Entry272_51	0	1	0	0
Entry1455_62	0	1	0	1
Entry1454_8	0	0	1	0
Entry1454_21	0	0	1	0
Entry1457_8	0	1	1	0
Entry1452_27	1	1	0	0
Entry1459_36	0	0	1	1
Entry478_119	0	0	1	0
Entry474_22	0	0	1	0
Entry477_28	1	0	1	0
Entry473_42	1	0	0	0
Entry472_0	1	0	0	0
Entry1859_116	0	0	1	0
Entry1850_61	0	1	0	0
Entry1853_1	0	0	1	0
Entry1852_8	0	1	0	0
Entry1854_87	0	1	0	0
Entry1857_3	0	1	0	0
Entry909_43	0	1	1	1
Entry908_43	0	0	1	1
Entry907_38	0	0	0	1
Entry906_49	0	1	0	0
Entry879_60	0	0	1	1
Entry878_53	0	0	0	1
Entry1893_37	0	1	0	0
Entry1903_28	1	0	0	0
Entry1903_39	1	0	0	0
Entry382_8	0	1	0	0
Entry111_31	0	1	0	0
Entry117_116	1	0	0	0
Entry118_20	0	0	1	0
Entry119_12	0	0	1	0
Entry1539_0	0	1	1	0
Entry1536_101	0	1	0	0
Entry1534_10	0	0	1	0
Entry1535_33	0	1	0	0
Entry1532_20	0	0	0	1
Entry1530_34	1	0	0	0
Entry645_66	0	1	0	0
Entry640_7	0	1	0	0
Entry641_66	0	0	1	0
Entry641_117	0	0	1	0
Entry1191_50	0	0	0	1
Entry1624_1	0	1	1	0
Entry1197_39	1	0	0	0
Entry1198_73	0	0	1	0
Entry1199_68	0	1	0	0
Entry1199_61	0	1	0	0
Entry1628_8	1	0	0	0
Entry249_47	1	0	0	0
Entry242_40	0	1	0	0
Entry246_30	0	0	1	1
Entry247_8	0	1	0	0
Entry244_14	0	0	1	0
Entry1990_9	0	0	0	1
Entry1990_53	0	0	1	0
Entry1993_7	1	0	0	1
Entry1994_73	0	1	0	0
Entry1441_43	0	0	1	0
Entry1448_97	0	1	0	0
Entry480_73	0	1	1	0
Entry480_28	0	1	0	0
Entry485_35	0	0	1	0
Entry487_23	0	0	1	0
Entry489_2	0	0	1	0
Entry1848_8	1	0	0	0
Entry1317_76	0	1	0	0
Entry1846_60	1	0	0	1
Entry1313_5	0	1	0	0
Entry1709_77	0	1	0	0
Entry1323_7	0	0	1	0
Entry1771_70	0	0	1	1
Entry106_27	0	0	0	1
Entry102_42	0	1	0	0
Entry1051_1	1	0	1	0
Entry1050_116	0	0	1	0
Entry1053_38	1	0	0	0
Entry1057_55	1	0	0	0
Entry1059_61	0	0	0	1
Entry1058_6	0	1	0	0
Entry650_68	0	0	1	0
Entry653_0	1	0	0	0
Entry655_21	0	1	1	0
Entry658_48	0	1	1	0
Entry1500_0	1	0	0	0
Entry1500_34	1	0	0	0
Entry1955_71	1	0	0	0
Entry1506_23	0	0	1	0
Entry1957_48	0	0	1	0
Entry1957_21	1	0	1	0
Entry255_23	0	0	0	1
Entry1292_96	0	0	0	1
Entry1290_49	1	0	0	0
Entry1299_21	1	0	0	0
Entry1299_37	0	1	0	0
Entry1298_15	0	1	0	0
Entry1472_41	0	1	0	0
Entry1471_75	0	1	0	0
Entry1470_38	1	0	0	0
Entry1271_33	1	0	0	0
Entry1271_65	1	0	0	0
Entry1270_34	0	1	0	1
Entry1275_74	1	0	0	0
Entry497_32	0	1	0	1
Entry496_80	1	0	0	0
Entry496_68	0	0	1	0
Entry495_38	0	0	1	0
Entry494_48	1	0	0	0
Entry494_114	0	0	1	0
Entry1797_22	0	1	0	0
Entry1875_35	0	0	1	0
Entry1874_23	0	0	1	0
Entry1214_53	1	0	0	0
Entry1214_62	1	1	0	0
Entry1724_1	1	1	0	0
Entry1025_13	0	0	1	0
Entry1025_30	0	1	1	0
Entry1027_2	0	1	1	1
Entry1027_35	0	0	0	1
Entry174_21	1	0	0	0
Entry2086_207	1	1	0	0
Entry2089_31	0	0	1	0
Entry811_39	0	0	1	0
Entry810_43	0	0	1	0
Entry31_38	0	0	1	1
Entry34_1	0	0	1	0
Entry34_4	0	0	1	0
Entry1202_57	0	0	0	1
Entry797_21	1	0	1	0
Entry2068_42	0	0	1	0
Entry1616_49	0	1	0	0
Entry1616_92	0	0	1	0
Entry2063_41	1	1	0	0
Entry2064_7	0	1	0	0
Entry1045_127	0	1	0	1
Entry1048_41	1	0	0	0
Entry1519_34	0	1	0	0
Entry398_46	0	1	0	0
Entry394_70	0	0	1	0
Entry392_100	1	0	0	0
Entry626_78	0	0	1	0
Entry622_58	0	0	1	0
Entry1600_65	0	0	0	1
Entry1601_3	0	1	0	0
Entry1606_71	1	0	0	0
Entry710_1	0	1	0	0
Entry716_70	0	1	0	0
Entry1283_101	0	0	1	0
Entry1289_0	1	0	0	0
Entry256_49	0	1	0	0
Entry256_5	0	0	1	0
Entry1468_57	0	1	1	0
Entry1262_98	0	0	0	1
Entry1260_33	0	0	0	1
Entry1267_71	0	1	0	1
Entry1118_0	0	1	0	0
Entry1118_31	0	0	0	1
Entry315_63	0	1	0	0
Entry1296_8	0	1	0	0
Entry1860_35	1	0	0	0
Entry1860_19	0	1	0	0
Entry1861_42	1	0	0	0
Entry1861_29	0	1	0	0
Entry1866_48	0	0	1	1
Entry1868_1	0	1	1	0
Entry1371_42	0	0	1	0
Entry2096_32	0	0	0	1
Entry2096_63	1	0	0	0
Entry828_81	0	0	1	0
Entry829_11	0	1	0	0
Entry822_3	0	1	0	0
Entry823_29	1	0	0	0
Entry826_72	0	1	0	0
Entry827_0	0	0	1	0
Entry825_95	0	1	0	0
Entry1602_1	1	0	0	0
Entry1602_51	0	0	1	0
Entry1450_8	0	0	1	0
Entry2070_81	0	0	1	0
Entry1067_73	0	0	1	0
Entry1073_79	1	0	0	0
Entry1072_21	0	1	0	0
Entry1071_55	1	0	1	0
Entry1070_0	0	0	1	0
Entry1070_20	1	0	0	1
Entry1079_2	1	0	0	0
Entry387_48	0	1	0	0
Entry381_6	1	0	0	0
Entry381_39	0	0	1	0
Entry557_99	0	0	1	0
Entry636_58	0	0	1	1
Entry635_150	0	0	1	0
Entry634_29	0	0	0	1
Entry632_63	1	0	0	0
Entry1677_0	0	0	0	1
Entry1677_36	1	0	0	0
Entry639_53	0	0	1	0
Entry702_7	0	0	1	0
Entry701_19	0	1	0	0
Entry700_26	1	0	0	0
Entry705_3	0	0	1	0
Entry705_21	0	1	0	0
Entry529_32	0	0	1	0
Entry1492_42	1	0	0	0
Entry1494_41	0	0	1	0
Entry1497_0	1	0	0	0
Entry1496_127	1	0	0	0
Entry525_0	0	1	0	0
Entry525_21	0	0	1	0
Entry1702_66	0	0	1	0
Entry1254_8	0	1	0	0
Entry1386_64	0	0	1	1
Entry1386_65	1	0	0	0
Entry1383_26	1	0	0	0
Entry1382_62	0	0	1	0
Entry1646_96	1	0	0	0
Entry1647_82	0	1	0	0
Entry1641_32	0	0	1	0
Entry1641_36	1	0	1	0
Entry1815_84	0	0	1	0
Entry1814_67	1	0	0	0
Entry1817_103	0	0	0	1
Entry1816_11	0	0	1	0
Entry1923_71	0	0	0	1
Entry1922_57	0	0	0	1
Entry1924_29	0	1	0	0
Entry1927_84	0	1	0	0
Entry1926_46	0	0	0	1
Entry838_25	0	0	1	0
Entry667_5	0	0	1	0
Entry2047_6	0	0	1	0
Entry2044_63	1	0	0	0
Entry2041_26	0	1	0	0
Entry2040_2	1	1	0	0
Entry194_48	1	0	0	0
Entry1738_58	0	0	1	0
Entry1662_6	0	0	1	0
Entry280_80	0	0	1	1
Entry289_59	1	0	0	0
Entry735_46	1	0	0	0
Entry732_56	1	1	0	0
Entry733_49	0	1	0	0
Entry730_47	1	0	1	0
Entry1062_74	1	1	0	0
Entry1063_109	1	0	0	0
Entry1064_32	0	1	0	0
Entry1065_166	1	0	0	0
Entry1481_38	0	1	0	0
Entry1513_63	0	1	0	0
Entry518_97	0	0	0	1
Entry519_0	0	1	0	1
Entry513_21	0	1	0	0
Entry1639_9	0	1	0	0
Entry1244_9	0	0	1	1
Entry1186_22	0	1	0	0
Entry1248_10	0	0	1	1
Entry1718_62	0	0	1	0
Entry15_3	0	1	1	0
Entry358_33	1	1	0	0
Entry359_59	0	1	1	0
Entry609_29	0	1	1	0
Entry16_1	0	0	1	0
Entry350_98	0	1	0	0
Entry1411_45	0	0	0	1
Entry1807_53	1	0	0	0
Entry1804_35	0	1	0	0
Entry1803_74	0	1	0	0
Entry1808_32	0	1	0	0
Entry1808_44	1	0	0	1
Entry1809_20	0	0	1	1
Entry1931_32	0	1	0	0
Entry1931_45	0	1	0	0
Entry1936_102	0	1	0	0
Entry1934_27	0	0	0	1
Entry1935_2	0	0	1	0
Entry89_3	1	0	0	0
Entry715_8	0	1	0	0
Entry1241_81	0	0	0	1
Entry1984_112	0	0	0	1
Entry1983_24	1	0	0	0
Entry1887_33	0	0	1	1
Entry1981_9	0	0	1	0
Entry2050_16	1	0	0	0
Entry2056_0	0	1	0	0
Entry1502_9	0	0	1	0
Entry1882_20	0	1	0	0
Entry1120_3	1	0	0	0
Entry1122_83	0	0	1	0
Entry1127_19	0	1	0	0
Entry1129_38	0	1	1	0
Entry1128_51	0	1	0	0
Entry721_37	0	0	1	0
Entry723_54	1	0	0	0
Entry725_31	0	0	0	1
Entry724_0	0	0	0	1
Entry724_55	0	0	0	1
Entry726_28	0	0	0	1
Entry1019_55	0	0	1	0
Entry1015_9	0	1	0	0
Entry1016_30	0	1	0	0
Entry507_44	0	0	1	0
Entry507_61	0	0	0	1
Entry1237_9	0	0	1	0
Entry1237_28	0	0	1	0
Entry1236_0	0	0	1	0
Entry1236_31	0	0	1	0
Entry1232_19	0	1	0	0
Entry1729_1	0	0	1	0
Entry348_0	0	0	1	1
Entry610_37	0	1	0	0
Entry1349_7	0	0	1	0
Entry1341_42	0	1	0	0
Entry1340_0	1	0	0	0
Entry1342_57	1	0	0	0
Entry1344_5	0	0	1	0
Entry1346_50	0	0	1	0
Entry523_117	1	0	0	0
Entry1909_38	1	0	0	0
Entry1906_47	0	0	1	0
Entry1905_3	0	0	0	1
Entry1904_26	0	0	1	0
Entry1755_0	0	1	0	0
Entry1901_1	0	0	1	0
Entry1900_75	0	0	0	1
Entry1880_44	0	1	0	0
Entry1661_18	1	1	0	0
Entry1751_29	0	1	0	0
Entry1545_35	0	0	1	0
Entry1544_74	0	0	1	0
Entry1544_83	0	0	1	0
Entry1542_8	0	0	0	1
Entry2110_37	1	1	0	0
Entry2115_5	0	0	1	1
Entry2116_52	0	1	0	0
Entry2116_93	0	1	0	0
Entry287_32	1	0	0	0
Entry2025_106	1	0	0	0
Entry2024_39	0	0	0	1
Entry2026_1	0	0	1	0
Entry2021_56	0	0	0	1
Entry2021_18	0	0	1	0
Entry2020_57	0	1	0	0
Entry1136_29	0	0	1	0
Entry1134_31	1	0	0	0
Entry1138_16	0	1	0	0
Entry1259_33	0	1	0	0
Entry1890_42	1	0	0	0
Entry758_117	0	0	1	1
Entry1953_37	0	1	0	0
Entry755_47	0	0	1	0
Entry756_21	0	1	0	0
Entry757_50	0	0	0	1
Entry750_80	0	1	0	0
Entry198_98	0	1	0	1
Entry1008_37	1	0	1	0
Entry1007_3	0	0	1	1
Entry1003_23	0	0	0	1
Entry572_10	0	0	1	0
Entry1258_36	1	0	1	0
Entry1733_53	0	1	0	0
Entry1736_82	0	0	1	0
Entry1227_8	0	0	1	0
Entry1328_5	0	0	0	1
Entry1223_83	1	0	0	0
Entry1223_29	0	0	1	0
Entry1228_32	0	1	0	0
Entry1484_99	1	0	0	0
Entry83_127	0	1	0	0
Entry87_30	0	1	0	0
Entry85_13	1	1	0	0
Entry374_18	0	1	0	0
Entry372_45	0	1	0	0
Entry515_42	0	1	1	0
Entry401_76	0	1	0	1
Entry402_3	0	0	1	0
Entry405_52	1	0	0	0
Entry406_35	0	0	1	0
Entry406_69	0	1	0	1
Entry1325_31	1	0	0	0
Entry1713_3	0	1	0	0
Entry254_35	0	0	1	0
Entry1711_27	0	1	0	1
Entry1716_69	0	1	0	0
Entry1912_39	0	1	1	0
Entry1914_45	0	0	1	0
Entry1917_3	0	0	0	1
Entry993_64	1	0	0	0
Entry991_57	0	1	0	0
Entry996_116	0	0	0	1
Entry994_0	0	0	1	0
Entry994_16	0	1	0	0
Entry995_33	1	1	0	0
Entry606_192	1	0	0	0
